27
(-70,-10)->(50,-10)
(50,-10)->(70,10)
(70,10)->(60,30)
(60,30)->(-60,30)
(-60,30)->(-75,10)
(-75,10)->(-70,-10)
(-58,30)->(55,30)
(55,30)->(65,45)
(65,45)->(-68,45)
(-68,45)->(-58,30)
(-45,32)->(-35,38)
(-35,38)->(-45,44)
(-45,44)->(-55,38)
(-55,38)->(-45,32)
(35,32)->(45,38)
(45,38)->(35,44)
(35,44)->(25,38)
(25,38)->(35,32)
(-25,-25)->(25,-25)
(25,-25)->(35,-10)
(35,-10)->(-35,-10)
(-35,-10)->(-25,-25)
(20,-22)->(82,-42)
(82,-42)->(88,-37)
(88,-37)->(24,-16)
(-18,-25)->(-18,-48)
(-18,-48)->(-12,-54)
