35
(-70,-8)->(55,-8)
(55,-8)->(72,12)
(72,12)->(60,30)
(60,30)->(-60,30)
(-60,30)->(-75,12)
(-75,12)->(-70,-8)
(-58,30)->(55,30)
(55,30)->(66,45)
(66,45)->(-68,45)
(-68,45)->(-58,30)
(-45,32)->(-35,38)
(-35,38)->(-45,44)
(-45,44)->(-55,38)
(-55,38)->(-45,32)
(35,32)->(45,38)
(45,38)->(35,44)
(35,44)->(25,38)
(25,38)->(35,32)
(-32,-25)->(32,-25)
(32,-25)->(38,-8)
(38,-8)->(-38,-8)
(-38,-8)->(-32,-25)
(-42,-47)->(38,-47)
(38,-47)->(48,-35)
(48,-35)->(-32,-35)
(-32,-35)->(-42,-47)
(-30,-47)->(20,-72)
(20,-72)->(30,-67)
(30,-67)->(-20,-42)
(-5,-47)->(45,-72)
(45,-72)->(55,-67)
(55,-67)->(5,-42)
(20,-47)->(70,-72)
(70,-72)->(80,-67)
(80,-67)->(30,-42)
